0 389 378 603 485 363 477 260 322 222 507 491 430 656 188 532
389 0 167 214 391 348 430 421 205 217 318 129 516 267 255 265
378 167 0 315 545 483 656 500 340 156 485 296 642 348 339 432
603 214 315 0 454 480 529 594 341 431 354 129 643 105 439 266
485 391 545 454 0 156 75 323 196 479 113 335 244 561 297 199
363 348 483 480 156 0 114 167 143 394 220 354 163 585 181 300
477 430 656 529 75 114 0 269 220 500 182 403 165 634 295 268
260 421 500 594 323 167 269 0 242 370 382 465 170 683 161 428
322 205 340 341 196 143 220 242 0 281 181 212 306 446 134 204
222 217 156 431 479 394 500 370 281 0 452 323 516 484 213 442
507 318 485 354 113 220 182 382 181 452 0 261 347 459 319 86
491 129 296 129 335 354 403 465 212 323 261 0 517 234 310 178
430 516 642 643 244 163 165 170 306 516 347 517 0 751 303 433
656 267 348 105 561 585 634 683 446 484 459 234 751 0 209 279
188 255 339 439 297 181 295 161 134 213 319 310 303 209 0 344
532 265 432 266 199 300 268 428 204 442 86 178 433 279 344 0
